batch_data[ 1370  1370  1370   354   354   354   354   354   354   354   354   354
   354   354   354   354   354   354   354   354   354  4188  4188  4188
  4188  4188  4188  4190  4190  4190  4190  4190  4190  4190  4190  4190
  2919  2919  2919  2919  2919  2919 10920 10920 10920 10920 10920 10920
 17852 17852 17852 17853 17853 17853 17854 17854 17854 10921 10921 10921
 10921 10921 10921 10922 10922 10922 10922 10922 10922 17855 17855 17855
   354   354   354   354   354   354 17856 17856 17856 17857 17857 17857
 10923 10923 10923 10923 10923 10923 10924 10924 10924 10924 10924 10924
 10925 10925 10925 17858 17858 17858 10926 10926 10926 10926 10926 10926
 17859 17859 17859 10927 10927 10927 10927 10927 10927 10668 10668 10668
 17860 17860 17860 17861 17861 17861 17862 17862 17862]
batch_labels[[  354]
 [ 1370]
 [ 1370]
 [  354]
 [  354]
 [ 1370]
 [ 1370]
 [  354]
 [ 1370]
 [  354]
 [  354]
 [ 1370]
 [  354]
 [  354]
 [ 1370]
 [  354]
 [  354]
 [ 1370]
 [ 4188]
 [ 4188]
 [ 4190]
 [ 4188]
 [ 4190]
 [ 4190]
 [ 4188]
 [ 4190]
 [ 4190]
 [ 4190]
 [ 4188]
 [ 4190]
 [ 4190]
 [ 4188]
 [ 4190]
 [ 4190]
 [ 2919]
 [ 4190]
 [ 4190]
 [10920]
 [ 4190]
 [ 2919]
 [10920]
 [ 4190]
 [10920]
 [17852]
 [ 4190]
 [17852]
 [ 2919]
 [ 4190]
 [10920]
 [10920]
 [ 4190]
 [10921]
 [17852]
 [ 4190]
 [17853]
 [10921]
 [ 4190]
 [10922]
 [10921]
 [ 4190]
 [17854]
 [10921]
 [ 4190]
 [17855]
 [10922]
 [  354]
 [  354]
 [10922]
 [  354]
 [  354]
 [  354]
 [  354]
 [  354]
 [10922]
 [  354]
 [  354]
 [17855]
 [  354]
 [17857]
 [10923]
 [  354]
 [  354]
 [10923]
 [  354]
 [10923]
 [17857]
 [  354]
 [10924]
 [10923]
 [10925]
 [10925]
 [10923]
 [10925]
 [10925]
 [10923]
 [10925]
 [10924]
 [10924]
 [10925]
 [10924]
 [10925]
 [10925]
 [17859]
 [10925]
 [10925]
 [10927]
 [17858]
 [10925]
 [10926]
 [10926]
 [10925]
 [10926]
 [10668]
 [10925]
 [17860]
 [10668]
 [10925]
 [10927]
 [17861]
 [10925]
 [17862]
 [17861]
 [10925]
 [17862]
 [ 1521]
 [10925]
 [17861]
 [17863]
 [10925]]
