44169953803
21734458801
92182029503
32327628201
43793440301
41866227803
764351539
26953483801
32327628201
71249756503
14402795703
26953483801
31388969803
41666393501
31527386103
42957854803
4313246713
19035360701
71249756503
44169953803
28073092501
14402795703
764351539
31527386103
31403694301
9944468760
41915688901
25053341903
31388969803
702174539
25956621403
93319887403
33301035303
30480048103
1.0404E+11
13443972602
26578435603
21734458801
41480772403
26303424801
92182029503
6772442815
31709618801
43055229003
40892578101
25208040303
27111204203
30004130601
33382676401
44056747103
34397928803
26493308303
1046673478
13692712202
22929884403
43759035903
21714538701
600854401
2659115362
33317733203
13384041601
31403694301
14881028103
10713446559
27594347501
32509265901
32940924403
41866227803
29039032101
31629449703
28073092501
10595813459
24574802003
22749996503
13009352902
33097083303
31164503203
37510140803
29090592101
31627347003
1682672835
1.04041E+11
31264091003
20227332403
30253956103
94150962503
26303424801
20084193801
30480048103
31405916103
41915688901
36123853303
14774913701
13443972602
32955772103
827978939
29758389301
39331602101
6375273216
97125618101
7578140916
23881364303
28775967101
45684176001
9944468760
21748483003
48254635303
41787282603
16243498903
43046358203
33159289901
6309354616
6383396516
44380684503
52436153003
31789247803
93319887403
27111204203
5762151414
27008585703
25208040303
32380023603
34397928803
192011301
28666821401
31656576203
30038846103
31627347003
31674977301
4188154330
30873114301
9276588064
17315929803
35676478001
94649904101
33173062301
23602593603
31334226503
32584948503
26389146001
24118975003
30692725703
39636674101
57911550501
92204355101
6752108216
11702600
31643032803
27829841003
24992547001
12295348402
8348712947
43585050503
30004130601
43793440301
1046673478
28304517903
17416205003
1809151135
25001586701
10713446559
8747777263
30152909803
11307220860
34939439003
22901229203
32354181103
44056747103
33751473503
5969857716
32918656501
13692712202
4532212214
1.0271E+11
42957854803
22749996503
41621794501
1174124065
25768051001
16073695701
44854228801
31788989203
9764451364
645375901
34233760203
20084193801
20100963303
91684759903
37463302103
97295855203
91252708403
34028534701
16915076103
3197249333
1682672835
28149566403
5525815614
29636863603
12648700
2459877363
33301035303
32502824003
18195984403
33087353303
33317733203
1229179205
44380684503
32731764601
35932224403
29664165903
31298868303
34787744903
6929921216
6042958216
24072647103
6188718615
4313350813
33484432501
43055229003
1.03412E+11
31339417003
33237119503
30937655703
106305001
31651515703
6257935516
37510140803
26420848803
93431928103
24277667101
31215474201
31085043803
33201590703
6772442815
3220092330
93753247403
29266998103
21368417303
32940924403
43759035903
20969720203
14774913701
23223326401
33358503103
32913921703
6132779416
12357593002
24624420903
34231859903
39636674101
31627767003
1234073235
19948469603
32917971201
25489520701
26556750903
44319306303
34767587103
29090592101
20601925803
31709618801
34127529503
14898885903
1191656365
19547217403
31774479503
5124130313
6431001616
83936916601
41824200103
13384041601
23881364303
27640011301
33097083303
41787282603
32226498601
455998401
31328359803
5294736313
29472948103
23851546003
7224128416
41666393501
4313246713
32509265901
9942667360
44224462603
30704260403
26146696801
10713402860
8709152164
39226729603
16512474703
30917534703
10150035959
31120336801
28672492103
91273816803
28015505203
2597552363
31575508603
32466949501
32233387403
32906490303
95236691101
38164213803
20823461603
646000100
6901351116
33357443703
32280990903
34091928703
12072335902
31614150903
33590993403
33151461901
14642966303
6948962616
22666842603
1187755665
6387342416
8794650864
29758389301
31629449703
1.0089E+11
24343030803
21412658603
20227332403
29557352103
35676478001
32063537803
26247765303
4458493413
30079359003
31789247803
28769093303
29208016703
30253956103
1.01787E+11
54514401
1.04102E+11
9276588064
17381136003
10632573260
20223755303
93609711303
6375273216
31264091003
18301981403
92071371701
29024748003
3609787230
29375002203
8217689116
30692725703
90992373501
33751473503
32954247803
94460566403
93461707703
32919340601
22929884403
32593409403
97134802401
34881419603
28687584601
702174539
99039912503
38023431601
5622532513
94682146301
32380023603
31164503203
3375548830
33605876401
32955772103
28267761803
31909348903
38200161403
14036741401
33899334603
14037023701
4661841113
16486556003
24992547001
48254635303
32645291503
32584948503
33152765403
39915953703
32591384003
33151489203
92299161803
10775582859
92298880503
6752108216
8551456264
38877282603
94649904101
97160099101
29008805703
23375073003
3288750229
33159289901
1791059935
2906666763
7472925216
2659115362
28866772003
32291456001
14881028103
36564254903
7578140916
13973381303
29487954703
27008585703
37304777203
8427574563
37516062503
27938176103
30038846103
24607275601
29177766203
30754395103
31878947603
31656576203
24674730203
33597630301
33201590703
32647735603
27056469701
96567228903
26572916403
43880649701
26431565401
26877266203
35933473303
28544069603
14328365001
33173062301
25383219103
33282594003
24464271001
31367475603
5957323716
31745986703
1217592205
1520933435
6042958216
29069826401
32233141701
4697847613
28559057103
15569025703
15160065303
32522526101
2148631760
91738149403
36123853303
32720353103
94573686603
92204355101
5465969214
31227082703
38198282803
32909989603
27969675403
33279995003
31877216201
7427258415
34233760203
31645290003
31779546703
30006027903
18454757803
13724847202
38773924403
36571419903
2966480262
1.07364E+11
36700525103
12489540601
94150962503
44224462603
32518454701
32751231003
31306601201
24489495901
32291185201
16073695701
6387342416
19277892703
6794179715
32351410101
29266998103
705557239
32333431703
16764904003
19499003203
43585050503
10601159759
35868914901
5191540014
1670918835
20619637403
91204371003
31643816503
34767587103
16243498903
26394014101
32354181103
32401473903
1.04133E+11
30136792503
5838457914
10013033060
25425457003
21543780503